 100011010                                         
 100011020                                         
 100011030                                         
 100011040                                         
 100011050                                         
 100012010                                         
 100031010                                         
 100031020                                         
 100111010                                         
 100111020                                         
 100111030                                         
 100111040                                         
 100111050                                         
 100111060                                         
 100111070                                         
 100114010                                         
 100121010                                         
 100121020                                         
 100121030                                         
 100211010                                         
 100211020                                         
 100211030                                         
 100211040                                         
 100211050                                         
 100211060                                         
 100214010                                         
 100214020                                         
 100221010                                         
 100221020                                         
 100222010                                         
 100311010                                         
 100314010                                         
 100314020                                         
 100314030                                         
 100314040                                         
 100314050                                         
 100314060                                         
 100321020                                         
 100321030                                         
 100411010                                         
 100411020                                         
 100411030                                         
 100411040                                         
 100411050                                         
 100414010                                         
 100414020                                         
 100414030                                         
 100421010                                         
 100421020                                         
 100424010                                         
 100511010                                         
 100511020                                         
 100511030                                         
 100511040                                         
 100511050                                         
 100511060                                         
 100514010                                         
 100514020                                         
 100521010                                         
 100521020                                         
 100521030                                         
 100611010                                         
 100611020                                         
 100611030                                         
 100611040                                         
 100611050                                         
 100614010                                         
 100614020                                         
 100614030                                         
 100621010                                         
 100621020                                         
 100624010                                         
 100711010                                         
 100711020                                         
 100713010                                         
 100713020                                         
 100713030                                         
 100714010                                         
 100714020                                         
 100714030                                         
 100721010                                         
 100721020                                         
 100723010                                         
 101011010                                         
 101011020                                         
 101011030                                         
 101011040                                         
 101014010                                         
 101014020                                         
 101014030                                         
 101021010                                         
 101021020                                         
 101021030                                         
 101021040                                         
 101024010                                         
 101024020                                         
 101024030                                         
 101024040                                         
 101031010                                         
 101031020                                         
 101031030                                         
 101031040                                         
 101032010                                         
 101034010                                         
 101041010                                         
 101111010                                         
 101111020                                         
 101111030                                         
 101111040                                         
 101111050                                         
 101111060                                         
 101111070                                         
 101111080                                         
 101111090                                         
 101112010                                         
 101113010                                         
 101114010                                         
 101114020                                         
 101114030                                         
 101114040                                         
 101114050                                         
 101114060                                         
 101121010                                         
 101121020                                         
 101121030                                         
 101121040                                         
 101121050                                         
 101121060                                         
 101121070                                         
 10112108                                          
 101121090                                         
 101121110                                         
 101122010                                         
 101122020                                         
 101131010                                         
 101131020                                         
 101131030                                         
 101131050                                         
 101132010                                         
 101134010                                         
 101134030                                         
 101141010                                         
 101141020                                         
 101211010                                         
 101211020                                         
 101211030                                         
 101211040                                         
 101211050                                         
 101211060                                         
 101211070                                         
 101211080                                         
 101211090                                         
 101211100                                         
 101211110                                         
 101211120                                         
 101211130                                         
 101211140                                         
 101214010                                         
 101214020                                         
 101214030                                         
 101221010                                         
 101221020                                         
 101221030                                         
 101221040                                         
 101221050                                         
 101221060                                         
 101221070                                         
 101221080                                         
 101221090                                         
 101221100                                         
 101222010                                         
 101224010                                         
 101231010                                         
 101231030                                         
 101231040                                         
 101231050                                         
 101232010                                         
 101232020                                         
 101234010                                         
 101234020                                         
 101241010                                         
 101241020                                         
 101241030                                         
 101311010                                         
 101311020                                         
 101311030                                         
 101311040                                         
 101311050                                         
 101311060                                         
 101311070                                         
 101311080                                         
 101311090                                         
 101311100                                         
 101312010                                         
 101312020                                         
 101312030                                         
 101314010                                         
 101314020                                         
 101314030                                         
 101314040                                         
 101321010                                         
 101321020                                         
 101321030                                         
 101321040                                         
 101321050                                         
 101321060                                         
 101321070                                         
 101322010                                         
 101324010                                         
 101324020                                         
 101324030                                         
 101324040                                         
 101324050                                         
 101331010                                         
 101331020                                         
 101332010                                         
 101333010                                         
 101334010                                         
 101334030                                         
 101334040                                         
 101334050                                         
 101341020                                         
 101341030                                         
 101411010                                         
 101411020                                         
 101411030                                         
 101411040                                         
 101411050                                         
 101411060                                         
 101411070                                         
 101411080                                         
 101411100                                         
 101411110                                         
 101411120                                         
 101411130                                         
 101414010                                         
 101414020                                         
 101414030                                         
 101414040                                         
 101421010                                         
 101421020                                         
 101421030                                         
 101421040                                         
 101421050                                         
 101421060                                         
 101421070                                         
 101421080                                         
 101421090                                         
 101421100                                         
 101422010                                         
 101424010                                         
 101424020                                         
 101431010                                         
 101431030                                         
 101431040                                         
 101431060                                         
 101431070                                         
 101432010                                         
 101432020                                         
 101441020                                         
 101511010                                         
 101511020                                         
 101511030                                         
 101511040                                         
 101511050                                         
 101511060                                         
 101511070                                         
 101511080                                         
 101511090                                         
 101511100                                         
 101511110                                         
 101511120                                         
 101511130                                         
 101514010                                         
 101514020                                         
 101514030                                         
 101514040                                         
 101521010                                         
 101521020                                         
 101521030                                         
 101521040                                         
 101521050                                         
 101521060                                         
 101521070                                         
 101521080                                         
 101521100                                         
 101522010                                         
 101524010                                         
 101524020                                         
 101531010                                         
 101531020                                         
 101531030                                         
 101531040                                         
 101532010                                         
 101534010                                         
 101534020                                         
 101534030                                         
 101541010                                         
 101541030                                         
 101611010                                         
 101611020                                         
 101611030                                         
 101611040                                         
 101611050                                         
 101611060                                         
 101611070                                         
 101611080                                         
 101611090                                         
 101611100                                         
 101611110                                         
 101611120                                         
 101611130                                         
 101611140                                         
 101614010                                         
 101614020                                         
 101614030                                         
 101621010                                         
 101621020                                         
 101621030                                         
 101621040                                         
 101621050                                         
 101621060                                         
 101621070                                         
 101621080                                         
 101621090                                         
 101621100                                         
 101623010                                         
 101624010                                         
 101624020                                         
 101631020                                         
 101631030                                         
 101631040                                         
 101631060                                         
 101633010                                         
 101634010                                         
 101641010                                         
 101641020                                         
 101641030                                         
 101711010                                         
 101711020                                         
 101711030                                         
 101711040                                         
 101711050                                         
 101711060                                         
 101711070                                         
 101711090                                         
 101711100                                         
 101713010                                         
 101713020                                         
 101713030                                         
 101713040                                         
 101713050                                         
 101714010                                         
 101714020                                         
 101721010                                         
 101721020                                         
 101721030                                         
 101721040                                         
 101721050                                         
 101721060                                         
 101721070                                         
 101721080                                         
 101721090                                         
 101721100                                         
 101722010                                         
 101723010                                         
 101723020                                         
 101731020                                         
 101733010                                         
 101733020                                         
 101733030                                         
 101733040                                         
 101734010                                         
 101734020                                         
 101734030                                         
 101741010                                         
 101741020                                         
 102011010                                         
 102011020                                         
 102014030                                         
 102014040                                         
 102021020                                         
 102021030                                         
 102024010                                         
 102031030                                         
 102111010                                         
 102111020                                         
 102111030                                         
 10211104                                          
 102111060                                         
 102114050                                         
 102121010                                         
 102121030                                         
 102121040                                         
 102124020                                         
 102131010                                         
 102131020                                         
 102131030                                         
 102141010                                         
 102211010                                         
 102211020                                         
 102211040                                         
 102211050                                         
 102211060                                         
 102214040                                         
 102221010                                         
 102221020                                         
 102221040                                         
 102224040                                         
 102231010                                         
 102232020                                         
 102311020                                         
 102311050                                         
 102311060                                         
 102312040                                         
 102312050                                         
 102314010                                         
 102321010                                         
 102321020                                         
 102324030                                         
 102324040                                         
 102331010                                         
 102334020                                         
 102334030                                         
 102341010                                         
 102411010                                         
 102411020                                         
 102411040                                         
 102411050                                         
 102411060                                         
 102414030                                         
 102421010                                         
 102421020                                         
 102421040                                         
 102424030                                         
 102431010                                         
 102432030                                         
 102442010                                         
 102511010                                         
 102511020                                         
 102511030                                         
 102511040                                         
 102511060                                         
 102514050                                         
 102521010                                         
 102521040                                         
 102524030                                         
 102531010                                         
 102533010                                         
 102533020                                         
 102541010                                         
 102611010                                         
 102611020                                         
 102611030                                         
 102611040                                         
 102611060                                         
 102614050                                         
 102621010                                         
 102621020                                         
 102624030                                         
 102624040                                         
 102631030                                         
 102632020                                         
 102641010                                         
 102711010                                         
 102711020                                         
 102711030                                         
 102711050                                         
 102713010                                         
 102714040                                         
 102721010                                         
 102721030                                         
 102723010                                         
 102723020                                         
 102731010                                         
 102731030                                         
 102732020                                         
 103011030                                         
 103011040                                         
 103011050                                         
 103011060                                         
 103012020                                         
 103021020                                         
 103021030                                         
 103021040                                         
 103024010                                         
 103031010                                         
 103031020                                         
 103031030                                         
 103041020                                         
 103111030                                         
 103111040                                         
 103111050                                         
 103111060                                         
 103114020                                         
 103121020                                         
 103121030                                         
 103121040                                         
 103124010                                         
 103131020                                         
 103131030                                         
 103134010                                         
 103211030                                         
 103211040                                         
 103211050                                         
 103211060                                         
 103214020                                         
 103221020                                         
 103221030                                         
 103221040                                         
 103224010                                         
 103231020                                         
 103233010                                         
 103241010                                         
 103311030                                         
 103311040                                         
 103311050                                         
 103311060                                         
 103314010                                         
 103321020                                         
 103321030                                         
 103321040                                         
 103324010                                         
 103331030                                         
 103334010                                         
 103411030                                         
 103411040                                         
 103411050                                         
 103411060                                         
 103412020                                         
 103421020                                         
 103421030                                         
 103421040                                         
 103424010                                         
 103431030                                         
 103434010                                         
 103511030                                         
 103511040                                         
 103511050                                         
 103511060                                         
 103514020                                         
 103521020                                         
 103521030                                         
 103521040                                         
 103524010                                         
 103531020                                         
 103531030                                         
 103534010                                         
 103611030                                         
 103611040                                         
 103611050                                         
 103611060                                         
 103614010                                         
 103621020                                         
 103621030                                         
 103621040                                         
 103624010                                         
 103631020                                         
 103631030                                         
 103634010                                         
 103641010                                         
 103711030                                         
 103711040                                         
 103711050                                         
 103711060                                         
 103714010                                         
 103721020                                         
 103721030                                         
 103721040                                         
 103723010                                         
 103731020                                         
 103731030                                         
 103733010                                         
 103741010                                         
 104011020                                         
 104011030                                         
 104011040                                         
 104013010                                         
 104021020                                         
 104021030                                         
 104021040                                         
 104022010                                         
 104031010                                         
 104031020                                         
 104111020                                         
 104111030                                         
 104111040                                         
 104114010                                         
 104121020                                         
 104121030                                         
 104121040                                         
 104123010                                         
 104131020                                         
 104131030                                         
 104132010                                         
 104141010                                         
 104211020                                         
 104211030                                         
 104211040                                         
 104213010                                         
 104221020                                         
 104221030                                         
 104221040                                         
 104222010                                         
 104231020                                         
 104232010                                         
 104241010                                         
 104241020                                         
 104311020                                         
 104311030                                         
 104311040                                         
 104313010                                         
 104321020                                         
 104321030                                         
 104324010                                         
 104331020                                         
 104334010                                         
 104341020                                         
 104411020                                         
 104411030                                         
 104411040                                         
 104412010                                         
 104421020                                         
 104421030                                         
 104421040                                         
 104424010                                         
 104431020                                         
 104431030                                         
 104434010                                         
 104441010                                         
 104511020                                         
 104511030                                         
 104511040                                         
 104514010                                         
 104521020                                         
 104521030                                         
 104521040                                         
 104522010                                         
 104531020                                         
 104531030                                         
 104533010                                         
 104541010                                         
 104541020                                         
 104611020                                         
 104611030                                         
 104611040                                         
 104614010                                         
 104621020                                         
 104621030                                         
 104621040                                         
 104623010                                         
 104631020                                         
 104631030                                         
 104633010                                         
 104641010                                         
 104711020                                         
 104711030                                         
 104711040                                         
 104712010                                         
 104721020                                         
 104721030                                         
 104721040                                         
 104723010                                         
 104731020                                         
 104731030                                         
 104741010                                         
 701141010                                         
 701241010                                         
 701341010                                         
 701441010                                         
 701541010                                         
 701641010                                         
 702211010                                         
 702431010                                         
